Frame
-4.58917 4.02389 -1.65733 -0.325333 5.74325 -0.464
6.5449 4.43957 -1.69923 10.31 6.055 -0.493
-6.80544 4.11538 -1.524 -5.83204 5.20741 -0.227167
3.12917 -3.136 -1.4645 6.50533 -1.708 -0.201167
9.7236 1.77178 -1.4845 11.9655 4.0022 0.188
Frame
5.83612 4.424 -1.797 9.544 5.8924 -0.446286
-6.9535 4.022 -1.50625 -6.564 5.26225 -0.253455
-2.257 -4.276 -1.482 -2.0822 -3.9692 0.332583
2.34275 -3.14 -1.42462 5.75267 -1.721 -0.195
8.16696 1.77513 -1.498 11.8339 4.04033 0.202875
-5.471 4.03845 -1.46036 -1.07787 5.708 -0.3994
Frame
5.04554 4.47327 -1.776 8.761 5.9935 -0.415
-6.13812 4.0341 -1.707 -1.79433 5.744 -0.4135
1.485 -3.395 -1.42775 5.144 -1.72 -0.204143
6.521 1.791 -1.4635 11.751 3.99371 0.210625
Frame
4.17 4.4495 -1.8 7.6 6.1875 -0.403667
-6.665 4.03003 -1.554 -2.58846 5.7155 -0.42825
0.86475 -3.17928 -1.45 4.2585 -1.72558 -0.219
5.004 1.7731 -1.494 10.2175 3.983 0.34
Frame
2.967 4.47333 -1.8 5.6925 6.97108 -0.441
-4.5845 -4.242 -1.43 -4.42561 -4.08496 0.416
0.86075 -3.153 -1.34075 3.678 -1.704 -0.257
3.514 1.90169 -1.393 8.793 3.956 0.4
-6.81267 3.99938 -1.482 -3.37498 5.67433 -0.37725
Frame
-0.653091 -3.14656 -1.351 2.9395 -1.74583 -0.277632
2.07133 1.565 -1.429 7.02912 3.618 0.3626
-6.75619 4.00671 -1.39775 -4.13239 5.727 -0.342333
2.684 4.434 -1.4226 4.23233 6.009 -0.546
Frame
-6.97175 4.02477 -1.54543 -4.794 5.712 -0.37
-6.177 -4.28867 -1.456 -5.97183 -4.098 0.402
-1.36306 -3.1778 -1.29089 2.10767 -1.7642 -0.268173
1.94951 1.758 -1.42233 5.50296 2.976 0.1217
Frame
10.715 4.8717 -1.799 11.9202 6.309 -0.941125
-2.27833 -3.15987 -1.27392 1.23029 -1.621 -0.266989
1.60338 1.95667 -1.433 3.94633 2.594 -1.00792
-6.94233 4.06919 -1.45667 -5.63771 5.7565 -0.3746
Frame
-3.026 -3.16923 -1.37306 0.39 -1.689 -0.273541
1.2954 2.0235 -1.396 2.43467 2.43258 -1.0314
-6.984 4.11517 -1.36088 -6.48293 5.784 -0.3835
10.102 4.757 -1.458 11.885 6.392 -0.71
Frame
-3.7028 -3.14874 -1.4125 -0.286 -1.613 -0.290089
-3.43758 1.67244 -1.40853 -1.276 3.64212 0.120457
2.31424 4.458 -1.40224 3.352 5.516 -0.431875
9.45262 4.7585 -1.395 11.9915 6.4216 -0.454857
Frame
8.57467 4.746 -1.63367 11.965 6.428 -0.4964
-4.5445 -3.0813 -1.4162 -1.13492 -1.614 -0.308
-4.911 1.6545 -1.4835 -1.54093 3.607 0.1045
-0.648143 2.8387 -1.493 2.626 6.04106 -0.449
Frame
7.758 4.7433 -1.796 11.8609 6.363 -0.480286
-5.436 -3.1478 -1.44175 -1.95984 -1.675 -0.277957
11.9504 -3.06833 -1.32414 11.9954 -1.662 -0.6384
-6.687 1.649 -1.46873 -1.629 3.707 0.316667
-1.66396 4.43802 -1.478 1.85925 6.043 -0.465
Frame
7.09905 4.7173 -1.746 11.313 6.3675 -0.499714
-2.48389 4.43736 -1.763 1.158 6.02997 -0.484263
-6.1294 -3.23867 -1.42767 -2.685 -1.72 -0.284278
11.0133 -3.1247 -1.37771 11.8642 -1.65367 -0.402333
-6.896 1.6865 -1.489 -3.24 3.66867 0.228455
Frame
-3.322 4.44026 -1.69575 0.387 6.0605 -0.505889
6.24933 4.69156 -1.76925 10.552 6.229 -0.5045
-6.969 -3.264 -1.43843 -3.5635 -1.7175 -0.319304
10.185 -3.1349 -1.456 11.8877 -1.6968 -0.314625
-6.989 1.7685 -1.42925 -4.7685 3.67325 0.184318
Frame
-3.97167 4.4434 -1.796 -0.394333 6.0432 -0.497
5.57075 4.64836 -1.771 9.77875 6.301 -0.474
-6.80186 -3.12733 -1.482 -4.40842 -1.7305 -0.343583
9.49683 -3.305 -1.4865 11.9715 -1.73944 -0.286
[setPointCloudRenderingProperties] Colors go from 0.0 to 1.0!
-6.98389 1.90583 -1.41612 -6.51574 3.683 0.0215
Frame
-4.8145 4.45526 -1.5675 -1.15107 6.04789 -0.499
4.72977 4.63313 -1.788 9.0315 6.302 -0.431
8.57675 -3.328 -1.5 11.912 -1.7424 -0.2498
-6.99 -3.12225 -1.37563 -5.30463 -1.74783 -0.3756
Frame
3.883 4.60208 -1.778 8.1869 6.206 -0.4455
-5.48975 4.422 -1.789 -1.95081 6.066 -0.526
-6.824 -3.366 -1.39315 -6.12599 -1.756 -0.412
7.74233 -3.35225 -1.45825 11.419 -1.717 -0.2226
Frame
11.3384 4.25753 -1.79825 11.9031 5.785 -0.915857
-6.193 4.456 -1.58222 -2.694 6.05633 -0.576
3.113 4.441 -1.5799 7.3925 6.168 -0.463333
6.851 -3.372 -1.36014 10.5848 -1.774 -0.229833
Frame
6.14544 -3.3975 -1.45133 9.6826 -1.781 -0.259077
10.412 4.167 -1.453 11.98 5.744 -0.7478
-6.94083 4.4686 -1.44589 -3.52739 6.13 -0.524647
2.34044 4.484 -1.42357 6.65412 6.124 -0.433
Frame
5.27708 -3.34875 -1.4155 8.89286 -1.777 -0.266
9.78096 4.11871 -1.472 11.998 5.837 -0.367375
-6.78371 4.486 -1.461 -4.32433 6.0295 -0.5255
1.58125 4.425 -1.486 5.83988 6.1158 -0.445
Frame
8.93544 4.10636 -1.8 11.9745 6.34633 -0.357667
-6.9618 4.4895 -1.7834 -5.03 6.0546 -0.564
4.44445 -3.3478 -1.3888 8.1385 -1.8508 -0.273529
0.806667 4.46 -1.45587 5.125 6.12429 -0.44025
Frame
-6.97683 4.56395 -1.7728 -5.92898 6.084 -0.554
3.66307 -3.354 -1.37758 7.27833 -1.84732 -0.279
8.0555 4.08667 -1.452 11.8191 5.738 -0.3738
-0.0272 4.439 -1.491 4.28083 6.09838 -0.48825
Frame
-4.58917 4.02389 -1.79 -0.325333 5.74325 -0.464
-6.83791 4.11538 -1.72 -5.83204 5.20741 -0.227167
6.5449 4.43957 -1.69923 10.31 6.055 -0.493
3.12917 -3.136 -1.4645 6.50533 -1.708 -0.201167
9.7236 1.77178 -1.4845 11.9655 4.0022 0.188
Frame
5.83612 4.424 -1.797 9.544 5.8924 -0.446286
-6.9535 4.022 -1.5215 -6.564 5.26225 -0.253455
-5.471 4.03845 -1.511 -1.073 5.708 -0.3994
-2.257 -4.276 -1.482 -2.0822 -3.9692 0.332583
2.34275 -3.14 -1.42462 5.75267 -1.721 -0.195
8.16696 1.77513 -1.498 11.8339 4.04033 0.202875
Frame
5.04554 4.47327 -1.79 8.761 5.9935 -0.415
-6.13812 4.0341 -1.707 -1.79433 5.744 -0.4135
1.485 -3.395 -1.42775 5.144 -1.72 -0.204143
6.521 1.791 -1.4635 11.751 3.99371 0.210625
Frame
4.17 4.4495 -1.8 7.6 6.1875 -0.403667
-6.665 4.03003 -1.554 -2.58846 5.7155 -0.42825
0.86475 -3.17928 -1.45 4.2585 -1.72558 -0.219
5.004 1.7731 -1.494 10.2175 3.983 0.34
Frame
3.17058 4.47333 -1.7964 5.6925 6.97108 -0.441
-4.5845 -4.242 -1.43 -4.42561 -4.08496 0.416
0.86075 -3.153 -1.34075 3.678 -1.704 -0.257
3.514 1.90169 -1.393 8.793 3.956 0.4
-6.81267 3.99938 -1.482 -3.37498 5.67433 -0.37725
Frame
-0.653091 -3.14656 -1.351 2.9395 -1.74583 -0.277632
2.07133 1.565 -1.429 7.02912 3.618 0.3626
-6.75619 4.00671 -1.39775 -4.13239 5.727 -0.342333
2.684 4.434 -1.4226 4.23233 6.009 -0.546
Frame
-6.97175 4.02477 -1.54543 -4.794 5.712 -0.37
-6.177 -4.28867 -1.456 -5.97183 -4.098 0.402
-1.36306 -3.1778 -1.29089 2.10767 -1.7642 -0.268173
1.94951 1.758 -1.42233 5.50296 2.976 0.1217
Frame
10.715 4.8717 -1.799 11.9202 6.309 -0.941125
-2.27833 -3.15987 -1.27392 1.23029 -1.621 -0.266989
1.60338 1.95667 -1.433 3.94633 2.594 -1.00792
-6.94233 4.06919 -1.45667 -5.63771 5.7565 -0.3746
Frame
-3.026 -3.16923 -1.37306 0.39 -1.689 -0.273541
1.2954 2.0235 -1.396 2.43467 2.43258 -1.0314
-6.984 4.11517 -1.36088 -6.48293 5.784 -0.3835
10.102 4.757 -1.458 11.885 6.392 -0.71
Frame
-3.7028 -3.14874 -1.4125 -0.286 -1.613 -0.290089
-3.43758 1.67244 -1.40853 -1.276 3.64212 0.120457
2.31424 4.458 -1.40224 3.352 5.516 -0.431875
9.45262 4.7585 -1.395 11.9915 6.4216 -0.454857
Frame
8.57467 4.746 -1.797 11.965 6.428 -0.4964
-4.5445 -3.0813 -1.4162 -1.13492 -1.614 -0.308
-4.911 1.6545 -1.4835 -1.54093 3.607 0.1045
-0.648143 2.8387 -1.493 2.626 6.04106 -0.449
Frame
7.758 4.7433 -1.796 11.8609 6.363 -0.480286
-5.436 -3.1478 -1.44175 -1.95984 -1.675 -0.277957
11.9504 -3.06833 -1.32414 11.9954 -1.662 -0.6384
-6.687 1.649 -1.46873 -1.629 3.707 0.316667
-1.66396 4.43802 -1.478 1.85925 6.043 -0.465
Frame
-2.48389 4.43736 -1.763 1.158 6.02997 -0.484263
7.09905 4.7173 -1.746 11.313 6.3675 -0.499714
-6.1294 -3.23867 -1.42767 -2.685 -1.72 -0.284278
11.0133 -3.1247 -1.37771 11.8642 -1.65367 -0.402333
-6.896 1.6865 -1.489 -3.24 3.66867 0.228455
Frame
6.24933 4.69156 -1.76925 10.552 6.229 -0.5045
-3.322 4.44026 -1.69575 0.387 6.0605 -0.505889
-6.969 -3.264 -1.43843 -3.5635 -1.7175 -0.319304
10.185 -3.1349 -1.456 11.8877 -1.6968 -0.314625
-6.989 1.7685 -1.42925 -4.7685 3.67325 0.184318
Frame
5.57075 4.64836 -1.771 9.77875 6.301 -0.474
-3.97167 4.4434 -1.796 -0.394333 6.0432 -0.497
-6.80186 -3.12733 -1.482 -4.40842 -1.7305 -0.343583
9.49683 -3.305 -1.4865 11.9715 -1.73944 -0.286
-6.98389 1.90583 -1.41612 -6.51574 3.683 0.0215
Frame
4.72977 4.63313 -1.788 9.0315 6.302 -0.431
-4.8145 4.45526 -1.5675 -1.15107 6.04789 -0.499
8.57675 -3.328 -1.5 11.912 -1.7424 -0.2498
-6.99 -3.12225 -1.37563 -5.30463 -1.74783 -0.3756
Frame
3.883 4.60208 -1.778 8.1869 6.206 -0.4455
-5.48975 4.422 -1.789 -1.95081 6.066 -0.526
-6.824 -3.366 -1.39315 -6.12599 -1.756 -0.412
7.74233 -3.35225 -1.45825 11.419 -1.717 -0.2226
Frame
10.187 4.25753 -1.79825 11.963 6.407 -0.915857
-6.193 4.456 -1.58222 -2.694 6.05633 -0.576
3.113 4.441 -1.761 7.3925 6.168 -0.463333
6.851 -3.372 -1.36014 10.5848 -1.774 -0.229833
Frame
6.14544 -3.3975 -1.45133 9.6826 -1.781 -0.259077
10.412 4.167 -1.453 11.98 5.744 -0.7478
-6.94083 4.4686 -1.44589 -3.52739 6.13 -0.524647
2.34044 4.484 -1.42357 6.65412 6.124 -0.433
Frame
5.27708 -3.34875 -1.4155 8.89286 -1.777 -0.266
9.78096 4.11871 -1.472 11.998 5.837 -0.367375
-6.78371 4.486 -1.461 -4.32433 6.0295 -0.5255
1.58125 4.425 -1.486 5.83988 6.1158 -0.445
Frame
-6.9618 4.4895 -1.7834 -5.03 6.0546 -0.564
4.44445 -3.3478 -1.3888 8.1385 -1.8508 -0.273529
8.93544 4.10636 -1.39338 11.9745 5.81 -0.357667
0.806667 4.46 -1.45587 5.125 6.12429 -0.44025
Frame
-0.0272 4.439 -1.7485 4.28083 6.09838 -0.48825
8.0555 4.08667 -1.799 11.8191 6.011 -0.3738
-6.97683 4.56395 -1.7728 -5.92362 6.084 -0.554
3.66307 -3.354 -1.37758 7.27833 -1.84732 -0.279
Frame
-4.58917 4.02389 -1.79 -0.325333 5.74325 -0.464
-6.83791 4.11538 -1.72 -5.83204 5.20741 -0.227167
6.5449 4.43957 -1.69923 10.31 6.055 -0.493
3.12917 -3.136 -1.4645 6.50533 -1.708 -0.201167
9.7236 1.77178 -1.4845 11.9655 4.0022 0.188
Frame
-5.471 4.03845 -1.511 -1.073 5.708 -0.3994
5.83612 4.424 -1.797 9.544 5.8924 -0.446286
-6.9535 4.022 -1.50625 -6.564 5.26225 -0.253455
-2.257 -4.276 -1.482 -2.0822 -3.9692 0.332583
2.34275 -3.14 -1.42462 5.75267 -1.721 -0.195
8.16696 1.77513 -1.498 11.8339 4.04033 0.202875
Frame
-6.13812 4.0341 -1.707 -1.79433 5.744 -0.4135
5.04554 4.47327 -1.79 8.761 5.9935 -0.415
1.485 -3.395 -1.42775 5.144 -1.72 -0.204143
6.521 1.791 -1.4635 11.751 3.99371 0.210625
Frame
-6.665 4.03003 -1.554 -2.58846 5.7155 -0.42825
4.17 4.4495 -1.8 7.6 6.1875 -0.403667
0.86475 -3.17928 -1.45 4.2585 -1.72558 -0.219
5.004 1.7731 -1.494 10.2175 3.983 0.34
Frame
2.967 4.47333 -1.8 5.6925 6.97108 -0.441
-4.5845 -4.242 -1.43 -4.42561 -4.08496 0.416
0.86075 -3.153 -1.34075 3.678 -1.704 -0.257
3.514 1.90169 -1.393 8.793 3.956 0.4
-6.81267 3.99938 -1.482 -3.37498 5.67433 -0.37725
Frame
-0.653091 -3.14656 -1.351 2.9395 -1.74583 -0.277632
2.07133 1.565 -1.429 7.02912 3.618 0.3626
-6.75619 4.00671 -1.39775 -4.13239 5.727 -0.342333
2.684 4.434 -1.4226 4.23233 6.009 -0.546
Frame
-6.97175 4.02477 -1.6706 -4.794 5.712 -0.37
-6.177 -4.28867 -1.456 -5.97183 -4.098 0.402
-1.36306 -3.1778 -1.29089 2.10767 -1.7642 -0.268173
1.94951 1.758 -1.42233 5.50296 2.976 0.1217
Frame
10.715 4.8717 -1.799 11.9202 6.309 -0.941125
-2.27833 -3.15987 -1.27392 1.23029 -1.621 -0.266989
1.60338 1.95667 -1.433 3.94633 2.594 -1.00792
-6.94233 4.06919 -1.45667 -5.63771 5.7565 -0.3746
Frame
-3.026 -3.16923 -1.37306 0.39 -1.689 -0.273541
1.2954 2.0235 -1.396 2.43467 2.43258 -1.0314
-6.984 4.11517 -1.36088 -6.48293 5.784 -0.3835
10.102 4.757 -1.458 11.885 6.392 -0.71
Frame
-3.7028 -3.14874 -1.4125 -0.286 -1.613 -0.290089
-3.43758 1.67244 -1.40853 -1.276 3.64212 0.120457
2.31424 4.458 -1.40224 3.352 5.516 -0.431875
9.45262 4.7585 -1.395 11.9915 6.4216 -0.454857
Frame
8.57467 4.746 -1.797 11.965 6.428 -0.4964
-4.5445 -3.0813 -1.4162 -1.13492 -1.614 -0.308
-4.911 1.6545 -1.4835 -1.54093 3.607 0.1045
-0.648143 2.8387 -1.493 2.626 6.04106 -0.449
Frame
-1.66396 4.43802 -1.779 2.192 6.043 -0.465
7.758 4.7433 -1.796 11.8609 6.363 -0.480286
-5.436 -3.1478 -1.44175 -1.95984 -1.675 -0.277957
11.9504 -3.06833 -1.32414 11.9954 -1.662 -0.6384
-6.687 1.649 -1.46873 -1.629 3.707 0.316667
Frame
7.09905 4.7173 -1.746 11.313 6.3675 -0.499714
-2.48389 4.43736 -1.763 1.158 6.02997 -0.484263
-6.1294 -3.23867 -1.42767 -2.685 -1.72 -0.284278
11.0133 -3.1247 -1.37771 11.8642 -1.65367 -0.402333
-6.896 1.6865 -1.489 -3.24 3.66867 0.228455
Frame
-3.322 4.44026 -1.69575 0.387 6.0605 -0.505889
6.24933 4.69156 -1.76925 10.552 6.229 -0.5045
-6.969 -3.264 -1.43843 -3.5635 -1.7175 -0.319304
10.185 -3.1349 -1.456 11.8877 -1.6968 -0.314625
-6.989 1.7685 -1.42925 -4.7685 3.67325 0.184318
Frame
-3.97167 4.4434 -1.796 -0.394333 6.0432 -0.497
5.57075 4.64836 -1.771 9.77875 6.301 -0.474
-6.80186 -3.12733 -1.482 -4.40842 -1.7305 -0.343583
9.49683 -3.305 -1.4865 11.9715 -1.73944 -0.286
-6.98389 1.90583 -1.41612 -6.51574 3.683 0.0215
Frame
4.72977 4.63313 -1.788 9.0315 6.302 -0.431
-4.8145 4.45526 -1.773 -1.15107 6.04789 -0.499
8.57675 -3.328 -1.5 11.912 -1.7424 -0.2498
-6.99 -3.12225 -1.37563 -5.30463 -1.74783 -0.3756
Frame
3.883 4.60208 -1.778 8.1869 6.206 -0.4455
-5.48975 4.422 -1.789 -1.95081 6.066 -0.526
-6.824 -3.366 -1.39315 -6.12599 -1.756 -0.412
7.74233 -3.35225 -1.45825 11.419 -1.717 -0.2226
Frame
10.187 4.25753 -1.79825 11.963 6.407 -0.915857
-6.193 4.456 -1.58222 -2.694 6.05633 -0.576
3.113 4.441 -1.761 7.3925 6.168 -0.463333
6.851 -3.372 -1.36014 10.5848 -1.774 -0.229833
Frame
6.14544 -3.3975 -1.45133 9.6826 -1.781 -0.259077
10.412 4.167 -1.453 11.98 5.744 -0.7478
-6.94083 4.4686 -1.44589 -3.52739 6.13 -0.524647
2.34044 4.484 -1.42357 6.65412 6.124 -0.433
Frame
5.27708 -3.34875 -1.4155 8.89286 -1.777 -0.266
9.78096 4.11871 -1.472 11.998 5.837 -0.367375
-6.78371 4.486 -1.461 -4.32433 6.0295 -0.5255
1.58125 4.425 -1.486 5.83988 6.1158 -0.445
Frame
-6.9618 4.4895 -1.7834 -5.03 6.0546 -0.564
4.44445 -3.3478 -1.3888 8.1385 -1.8508 -0.273529
8.93544 4.10636 -1.39338 11.9745 5.81 -0.357667
0.806667 4.46 -1.45587 5.125 6.12429 -0.44025
Frame
-6.97683 4.56395 -1.7728 -5.92362 6.084 -0.554
-0.0272 4.439 -1.7485 4.28083 6.09838 -0.48825
8.0555 4.08667 -1.799 11.8191 6.011 -0.3738
3.66307 -3.354 -1.37758 7.27833 -1.84732 -0.279
Frame
-6.83791 4.11538 -1.72 -5.83204 5.20741 -0.227167
-4.58917 4.02389 -1.79 -0.325333 5.74325 -0.464
6.5449 4.43957 -1.69923 10.31 6.055 -0.493
3.12917 -3.136 -1.4645 6.50533 -1.708 -0.201167
9.7236 1.77178 -1.4845 11.9655 4.0022 0.188
Frame
5.83612 4.424 -1.797 9.544 5.8924 -0.446286
-6.9535 4.022 -1.5215 -6.564 5.26225 -0.253455
-5.471 4.03845 -1.511 -1.073 5.708 -0.3994
-2.257 -4.276 -1.482 -2.0822 -3.9692 0.332583
2.34275 -3.14 -1.42462 5.75267 -1.721 -0.195
8.16696 1.77513 -1.498 11.8339 4.04033 0.202875
Frame
5.04554 4.47327 -1.79 8.761 5.9935 -0.415
-6.13812 4.0341 -1.707 -1.79433 5.744 -0.4135
1.485 -3.395 -1.42775 5.144 -1.72 -0.204143
6.521 1.791 -1.4635 11.751 3.99371 0.210625
Frame
4.17 4.4495 -1.8 7.6 6.1875 -0.403667
-6.665 4.03003 -1.554 -2.58846 5.7155 -0.42825
0.86475 -3.17928 -1.45 4.2585 -1.72558 -0.219
5.004 1.7731 -1.494 10.2175 3.983 0.34
Frame
-4.5845 -4.242 -1.43 -4.42561 -4.08496 0.416
0.86075 -3.153 -1.34075 3.678 -1.704 -0.257
3.514 1.90169 -1.393 8.793 3.956 0.4
-6.81267 3.99938 -1.482 -3.37498 5.67433 -0.37725
3.51425 4.47333 -1.4138 5.6925 6.017 -0.441
Frame
-0.653091 -3.14656 -1.351 2.9395 -1.74583 -0.277632
2.07133 1.565 -1.429 7.02912 3.618 0.3626
-6.75619 4.00671 -1.39775 -4.13239 5.727 -0.342333
2.684 4.434 -1.4226 4.23233 6.009 -0.546
Frame
-6.97175 4.02477 -1.6706 -4.794 5.712 -0.37
-6.177 -4.28867 -1.456 -5.97183 -4.098 0.402
-1.36306 -3.1778 -1.29089 2.10767 -1.7642 -0.268173
1.94951 1.758 -1.42233 5.50296 2.976 0.1217
Frame
10.715 4.8717 -1.799 11.9202 6.309 -0.941125
-6.94233 4.06919 -1.5435 -5.63771 5.7565 -0.3746
-2.27833 -3.15987 -1.27392 1.23029 -1.621 -0.266989
1.60338 1.95667 -1.433 3.94633 2.594 -1.00792
Frame
-3.026 -3.16923 -1.37306 0.39 -1.689 -0.273541
1.2954 2.0235 -1.396 2.43467 2.43258 -1.0314
-6.984 4.11517 -1.36088 -6.48293 5.784 -0.3835
10.102 4.757 -1.458 11.885 6.392 -0.71
Frame
-3.7028 -3.14874 -1.4125 -0.286 -1.613 -0.290089
-3.43758 1.67244 -1.40853 -1.276 3.64212 0.120457
2.31424 4.458 -1.40224 3.352 5.516 -0.431875
9.45262 4.7585 -1.395 11.9915 6.4216 -0.454857
Frame
8.57467 4.746 -1.797 11.965 6.428 -0.4964
-4.5445 -3.0813 -1.4162 -1.13492 -1.614 -0.308
-4.911 1.6545 -1.4835 -1.54093 3.607 0.1045
-0.648143 2.8387 -1.493 2.626 6.04106 -0.449
Frame
-1.66396 4.43802 -1.779 2.192 6.043 -0.465
7.758 4.7433 -1.796 11.8609 6.363 -0.480286
-5.436 -3.1478 -1.44175 -1.95984 -1.675 -0.277957
11.9504 -3.06833 -1.32414 11.9954 -1.662 -0.6384
-6.687 1.649 -1.46873 -1.629 3.707 0.316667
Frame
-2.48389 4.43736 -1.763 1.158 6.02997 -0.484263
7.09905 4.7173 -1.746 11.313 6.3675 -0.499714
-6.1294 -3.23867 -1.42767 -2.685 -1.72 -0.284278
11.0133 -3.1247 -1.37771 11.8642 -1.65367 -0.402333
[setPointCloudRenderingProperties] Colors go from 0.0 to 1.0!
-6.896 1.6865 -1.489 -3.24 3.66867 0.228455
Frame
-3.322 4.44026 -1.69575 0.387 6.0605 -0.505889
6.24933 4.69156 -1.76925 10.552 6.229 -0.5045
-6.969 -3.264 -1.43843 -3.5635 -1.7175 -0.319304
10.185 -3.1349 -1.456 11.8877 -1.6968 -0.314625
-6.989 1.7685 -1.42925 -4.7685 3.67325 0.184318
Frame
5.57075 4.64836 -1.771 9.77875 6.301 -0.474
-3.97167 4.4434 -1.796 -0.394333 6.0432 -0.497
-6.80186 -3.12733 -1.482 -4.40842 -1.7305 -0.343583
9.49683 -3.305 -1.4865 11.9715 -1.73944 -0.286
-6.98389 1.90583 -1.41612 -6.51574 3.683 0.0215
Frame
-4.8145 4.45526 -1.5886 -1.15107 6.04789 -0.499
4.72977 4.63313 -1.788 9.0315 6.302 -0.431
8.57675 -3.328 -1.5 11.912 -1.7424 -0.2498
-6.99 -3.12225 -1.37563 -5.30463 -1.74783 -0.3756
Frame
3.883 4.60208 -1.778 8.1869 6.206 -0.4455
-5.48975 4.422 -1.789 -1.95081 6.066 -0.526
-6.824 -3.366 -1.39315 -6.12599 -1.756 -0.412
7.74233 -3.35225 -1.45825 11.419 -1.717 -0.2226
Frame
3.113 4.441 -1.7765 7.3925 6.168 -0.463333
10.187 4.25753 -1.79825 11.963 6.407 -0.915857
-6.193 4.456 -1.58222 -2.694 6.05633 -0.576
6.851 -3.372 -1.36014 10.5848 -1.774 -0.229833
Frame
6.14544 -3.3975 -1.45133 9.6826 -1.781 -0.259077
10.412 4.167 -1.453 11.98 5.744 -0.7478
-6.94083 4.4686 -1.44589 -3.52739 6.13 -0.524647
2.34044 4.484 -1.42357 6.65412 6.124 -0.433
Frame
5.27708 -3.34875 -1.4155 8.89286 -1.777 -0.266
9.78096 4.11871 -1.472 11.998 5.837 -0.367375
-6.78371 4.486 -1.461 -4.32433 6.0295 -0.5255
1.58125 4.425 -1.486 5.83988 6.1158 -0.445
Frame
4.44445 -3.3478 -1.3888 8.1385 -1.8508 -0.273529
8.93544 4.10636 -1.39338 11.9745 5.81 -0.357667
-6.9618 4.4895 -1.449 -5.03 6.029 -0.564
0.806667 4.46 -1.45587 5.125 6.12429 -0.44025
Frame
-0.0272 4.439 -1.77 4.28083 6.09838 -0.48825
8.0555 4.08667 -1.799 11.8191 6.011 -0.3738
-6.97683 4.56395 -1.7728 -5.92362 6.084 -0.554
3.66307 -3.354 -1.37758 7.27833 -1.84732 -0.279
Frame
6.5449 4.43957 -1.69923 10.31 6.055 -0.493
-6.80544 4.11538 -1.524 -5.83204 5.20741 -0.227167
-4.58917 4.02389 -1.65733 -0.325333 5.74325 -0.464
3.12917 -3.136 -1.4645 6.50533 -1.708 -0.201167
9.7236 1.77178 -1.4845 11.9655 4.0022 0.188
Frame
5.83612 4.424 -1.797 9.544 5.8924 -0.446286
-6.9535 4.022 -1.50625 -6.564 5.26225 -0.253455
-2.257 -4.276 -1.482 -2.0822 -3.9692 0.332583
2.34275 -3.14 -1.42462 5.75267 -1.721 -0.195
8.16696 1.77513 -1.498 11.8339 4.04033 0.202875
-5.471 4.03845 -1.46036 -1.07787 5.708 -0.3994
Frame
5.04554 4.47327 -1.79 8.761 5.9935 -0.415
-6.13812 4.0341 -1.707 -1.79433 5.744 -0.4135
1.485 -3.395 -1.42775 5.144 -1.72 -0.204143
6.521 1.791 -1.4635 11.751 3.99371 0.210625
Frame
4.17 4.4495 -1.8 7.6 6.1875 -0.403667
-6.665 4.03003 -1.659 -2.58846 5.7155 -0.42825
0.86475 -3.17928 -1.45 4.2585 -1.72558 -0.219
5.004 1.7731 -1.494 10.2175 3.983 0.34
Frame
3.10636 4.47333 -1.7964 5.6925 6.97108 -0.441
-4.5845 -4.242 -1.43 -4.42561 -4.08496 0.416
0.86075 -3.153 -1.34075 3.678 -1.704 -0.257
3.514 1.90169 -1.393 8.793 3.956 0.4
-6.81267 3.99938 -1.482 -3.37498 5.67433 -0.37725
Frame
0.7706 6.40125 -1.7994 3.13118 6.981 -1.76227
-0.653091 -3.14656 -1.351 2.9395 -1.74583 -0.277632
2.07133 1.565 -1.429 7.02912 3.618 0.3626
-6.75619 4.00671 -1.39775 -4.13239 5.727 -0.342333
2.684 4.434 -1.4226 4.23233 6.009 -0.546
Frame
-6.97175 4.02477 -1.54543 -4.794 5.712 -0.37
-6.177 -4.28867 -1.456 -5.97183 -4.098 0.402
-1.36306 -3.1778 -1.29089 2.10767 -1.7642 -0.268173
1.94951 1.758 -1.42233 5.50296 2.976 0.1217
Frame
10.715 4.8717 -1.799 11.9202 6.309 -0.941125
-2.27833 -3.15987 -1.27392 1.23029 -1.621 -0.266989
1.60338 1.95667 -1.433 3.94633 2.594 -1.00792
-6.94233 4.06919 -1.45667 -5.63771 5.7565 -0.3746
Frame
-3.026 -3.16923 -1.37306 0.39 -1.689 -0.273541
1.2954 2.0235 -1.396 2.43467 2.43258 -1.0314
-6.984 4.11517 -1.36088 -6.48293 5.784 -0.3835
10.102 4.757 -1.458 11.885 6.392 -0.71
Frame
-3.7028 -3.14874 -1.4125 -0.286 -1.613 -0.290089
-3.43758 1.67244 -1.40853 -1.276 3.64212 0.120457
2.31424 4.458 -1.40224 3.352 5.516 -0.431875
9.45262 4.7585 -1.395 11.9915 6.4216 -0.454857
Frame
8.57467 4.746 -1.63367 11.965 6.428 -0.4964
-4.5445 -3.0813 -1.4162 -1.13492 -1.614 -0.308
-4.911 1.6545 -1.4835 -1.54093 3.607 0.1045
-0.648143 2.8387 -1.493 2.626 6.04106 -0.449
Frame
7.758 4.7433 -1.796 11.8609 6.363 -0.480286
-5.436 -3.1478 -1.44175 -1.95984 -1.675 -0.277957
11.9504 -3.06833 -1.32414 11.9954 -1.662 -0.6384
-6.687 1.649 -1.46873 -1.629 3.707 0.316667
-1.66396 4.43802 -1.478 1.85925 6.043 -0.465
Frame
-2.48389 4.43736 -1.763 1.158 6.02997 -0.484263
7.09905 4.7173 -1.746 11.313 6.3675 -0.499714
-6.1294 -3.23867 -1.42767 -2.685 -1.72 -0.284278
11.0133 -3.1247 -1.37771 11.8642 -1.65367 -0.402333
-6.896 1.6865 -1.489 -3.24 3.66867 0.228455
Frame
6.24933 4.69156 -1.76925 10.552 6.229 -0.5045
-3.322 4.44026 -1.69575 0.387 6.0605 -0.505889
-6.969 -3.264 -1.43843 -3.5635 -1.7175 -0.319304
10.185 -3.1349 -1.456 11.8877 -1.6968 -0.314625
-6.989 1.7685 -1.42925 -4.7685 3.67325 0.184318
